export default [
  [
    4.24939242e-3,
    1.76793849e-4,
    6.24630574e-5,
    -5.56588453e-4,
    -3.02132104e-4,
    3.05360841e-4,
    -3.47882734e-4,
    -8.43754754e-4,
    -4.7550141e-4,
    -3.29282571e-4,
    -5.97168956e-6,
    -5.27286414e-4,
    1.95419755e-5,
    -7.36882899e-4,
    -5.06382389e-4,
    6.72904013e-4,
    -4.96450065e-5,
    1.01203533e-3,
    -3.38032683e-4,
    -5.93682471e-5,
    -9.27625142e-4,
    7.38042132e-4,
    -3.17383295e-4,
    -4.32170371e-4,
    -1.59270013e-4,
    -6.22520277e-5,
    -7.49279351e-4,
    -2.36746801e-4,
    -1.84187707e-5,
    -1.37084562e-4,
    3.74061288e-4,
    5.51604359e-4,
    4.83737243e-4,
    -1.09780016e-3,
    -1.5682435e-4,
    -5.02395934e-4,
    -1.03336446e-3,
    -2.02369189e-4,
    -1.47767932e-5,
    -6.84721003e-4,
    2.4000996e-4,
    8.57826508e-4,
    6.95312003e-5,
    -1.91457571e-5,
    -8.93743362e-4,
    -1.35478681e-4,
    2.59137784e-5,
    -2.59559244e-5,
    1.42796701e-3,
    8.53342948e-7,
    5.85008565e-4,
    -5.0636812e-4,
    1.55686889e-4,
    2.7245288e-4,
    8.25301769e-4,
    2.12536432e-4,
    -1.84247783e-4,
    6.6939647e-5,
    -6.2858984e-4,
    -1.29578368e-4,
    9.53079206e-4,
    3.01468106e-4,
    6.7018171e-4,
    3.69724427e-4,
    -4.80989399e-4,
    2.99589332e-4,
    1.82155133e-4,
    5.08045144e-5,
    -2.69730977e-4,
    -6.57519806e-5,
    -1.47707696e-4,
    -2.87520142e-5,
    4.92955019e-5,
    1.47074954e-3,
    -8.36672808e-4,
    -6.04936381e-5,
    -3.99257245e-4,
    9.27231939e-5,
    7.82247939e-4,
    -2.99900004e-4,
    -6.48193694e-4,
    -1.33619409e-4,
    4.02217753e-4,
    3.12960032e-4,
    1.16256715e-4,
    -1.04490441e-3,
    -6.64753688e-4,
    3.28633909e-4,
    -1.54276753e-4,
    4.06973375e-4,
    -3.01219175e-4,
    -7.37077215e-4,
    6.96914571e-4,
    -3.78481563e-4,
    -6.16670313e-4,
    -8.29160748e-4,
    7.54610131e-4,
    9.78670339e-4,
    -1.07624692e-3,
    -6.59665971e-4,
  ],
  [
    1.76793849e-4,
    5.82877743e-3,
    1.92574161e-3,
    -1.56614989e-3,
    -2.56334498e-3,
    6.29987226e-4,
    3.31073589e-4,
    -3.78858899e-4,
    1.37007476e-3,
    -6.50964178e-4,
    2.62996141e-4,
    -5.5771731e-4,
    7.51953053e-4,
    2.65465703e-4,
    -9.70629969e-5,
    -1.94450149e-4,
    -7.48843455e-4,
    1.74453755e-3,
    -1.30852661e-3,
    1.419637e-3,
    5.03440518e-5,
    6.57531078e-4,
    -5.02842129e-4,
    -1.49807419e-3,
    -6.84999612e-5,
    1.54613259e-3,
    -9.25667674e-4,
    -1.6567181e-3,
    8.8621035e-5,
    -8.22876446e-4,
    4.72936292e-4,
    1.79164862e-3,
    -4.27710705e-4,
    -1.32383249e-3,
    8.42823687e-4,
    6.09019066e-4,
    -1.08958572e-3,
    -3.93397082e-4,
    8.57704229e-5,
    -1.35412237e-3,
    -2.35353855e-4,
    -8.37824782e-4,
    -6.89162632e-4,
    -1.15603477e-3,
    -2.06949155e-3,
    -1.64779593e-3,
    -6.06955028e-4,
    7.09913693e-5,
    -1.03870004e-3,
    -2.21142275e-3,
    1.05970137e-3,
    -5.5335255e-4,
    5.42877745e-5,
    2.09439932e-3,
    6.3428371e-4,
    -2.19409742e-3,
    1.21439007e-3,
    1.19901337e-3,
    2.14382175e-3,
    4.63834741e-4,
    -5.9503838e-4,
    2.46041498e-3,
    -4.00595763e-4,
    -1.26535051e-3,
    1.64482613e-3,
    7.76991343e-4,
    2.60092859e-3,
    2.2645386e-4,
    3.01011558e-4,
    -3.56867209e-4,
    2.47017534e-4,
    -3.76180025e-4,
    -6.5929804e-5,
    5.06704861e-4,
    2.69587443e-4,
    -4.64710233e-4,
    4.35694943e-4,
    -1.60423804e-4,
    3.29274913e-4,
    -6.48594035e-4,
    1.66651241e-3,
    -1.0651045e-3,
    -1.18460019e-3,
    -3.26800103e-4,
    -2.33433612e-3,
    -1.66148231e-4,
    -4.01146224e-4,
    -5.19586135e-4,
    -1.43902025e-3,
    -4.85693524e-4,
    2.72491306e-4,
    -4.33691926e-4,
    7.60587326e-4,
    -1.79117851e-3,
    -1.37897287e-3,
    -2.93465893e-4,
    5.68411342e-4,
    -6.17673878e-4,
    1.38046572e-4,
    1.18702011e-3,
  ],
  [
    6.24630574e-5,
    1.92574161e-3,
    9.21225104e-3,
    -3.8232317e-3,
    -2.87173462e-3,
    1.08458291e-3,
    -7.91853564e-4,
    5.90877742e-4,
    8.38439431e-4,
    -1.58235192e-4,
    1.11746207e-3,
    -2.61585795e-4,
    1.0205158e-3,
    -1.86368471e-4,
    -1.44718408e-4,
    -1.73661316e-3,
    -2.69822551e-4,
    1.38352887e-3,
    -2.33320474e-3,
    1.22765617e-3,
    2.41420558e-4,
    5.35167116e-4,
    -6.85461616e-4,
    -1.9788521e-3,
    9.90335212e-4,
    1.18886746e-3,
    -9.83990491e-4,
    -3.59679422e-3,
    1.34993791e-4,
    -1.79119415e-3,
    7.61283019e-4,
    2.21475731e-3,
    5.73874097e-4,
    -7.02941743e-4,
    -4.87059257e-4,
    3.72412964e-4,
    -7.8978332e-4,
    1.21715751e-3,
    -2.55378914e-4,
    -2.27615101e-3,
    -1.95355043e-3,
    -2.34569281e-3,
    3.35477217e-4,
    -1.85398434e-3,
    -2.86691522e-3,
    -1.07406082e-3,
    8.75470294e-4,
    -1.22386722e-3,
    -2.32890235e-3,
    -4.64829313e-3,
    1.41620763e-3,
    1.1079138e-3,
    5.15593968e-4,
    5.04790481e-3,
    -1.47237156e-3,
    -1.00270965e-2,
    1.68150753e-3,
    8.97761167e-4,
    7.02658986e-3,
    2.96468241e-3,
    -2.12180147e-3,
    4.89774426e-3,
    -8.63987091e-4,
    -1.34580503e-3,
    5.0592043e-3,
    3.18057824e-4,
    3.08387809e-3,
    7.72963469e-4,
    1.82802567e-4,
    6.47796985e-4,
    9.1972202e-4,
    -1.33983539e-3,
    -1.521009e-3,
    -1.40394888e-3,
    1.68774988e-3,
    6.34615987e-6,
    1.98461987e-4,
    -8.95221622e-4,
    -3.52779749e-3,
    -5.83861325e-4,
    3.48921801e-3,
    -3.90343033e-5,
    -2.57365968e-3,
    7.04400007e-4,
    -6.07757042e-3,
    -2.08185974e-4,
    -1.48390265e-3,
    -1.20636525e-3,
    9.88671796e-5,
    -1.98709106e-3,
    9.90507563e-4,
    -9.60267465e-5,
    -6.37491773e-5,
    8.32917887e-4,
    -3.27349922e-3,
    -6.04579626e-4,
    3.07462211e-5,
    -4.17420987e-4,
    2.60224583e-3,
    2.14567361e-3,
  ],
  [
    -5.56588453e-4,
    -1.56614989e-3,
    -3.8232317e-3,
    8.31830953e-3,
    2.70717707e-3,
    -1.33010988e-3,
    -8.1147498e-4,
    -8.93454954e-7,
    -2.46136636e-3,
    1.76957054e-3,
    -1.37234702e-3,
    5.04974153e-4,
    -6.40744848e-5,
    -8.40619988e-4,
    -1.43327315e-4,
    1.68164459e-3,
    8.19716018e-4,
    -1.99068237e-3,
    2.65867451e-3,
    -2.47574028e-3,
    2.2864086e-4,
    -1.30596336e-3,
    1.60142733e-3,
    1.94377335e-3,
    -1.54019157e-3,
    -3.0377176e-3,
    2.03435406e-3,
    3.68977899e-3,
    -5.43754241e-4,
    1.42228234e-3,
    -1.30811308e-3,
    -2.80399571e-3,
    -1.28494074e-3,
    -7.35628438e-6,
    1.52967724e-5,
    -1.20970184e-3,
    1.67561509e-3,
    -9.94881194e-4,
    -9.01661025e-4,
    2.28030055e-3,
    1.70125084e-4,
    1.2371184e-3,
    9.09324245e-4,
    2.30166422e-3,
    3.44109189e-3,
    1.37533668e-3,
    5.54856788e-4,
    1.7762189e-3,
    1.37208769e-3,
    4.01801203e-3,
    -4.98764052e-4,
    -3.00674882e-4,
    7.73103126e-4,
    -3.24945812e-3,
    7.30521655e-4,
    5.7508249e-3,
    -1.38142533e-3,
    -2.59310174e-3,
    -2.68375918e-3,
    -1.97014143e-3,
    1.38903907e-3,
    -3.76230052e-3,
    1.23260317e-3,
    1.74501935e-3,
    -3.67887555e-3,
    7.21874844e-4,
    -4.00501633e-3,
    -1.46654003e-3,
    8.49074883e-4,
    -1.35085995e-3,
    -5.29090898e-4,
    7.80297857e-4,
    1.15944759e-3,
    1.70795645e-3,
    -5.8564671e-4,
    -1.40757368e-4,
    -4.9064925e-4,
    2.75929501e-4,
    8.34535033e-4,
    8.19134847e-4,
    -2.6440607e-3,
    1.57929624e-3,
    1.55492409e-3,
    8.54798913e-4,
    3.47214008e-3,
    3.87827403e-4,
    7.18766233e-4,
    6.57459064e-4,
    9.02765862e-4,
    1.29212421e-3,
    -7.88756596e-4,
    1.00408798e-3,
    -1.60501289e-3,
    -1.08400682e-4,
    2.3025776e-3,
    -2.17064987e-4,
    -9.69221513e-4,
    2.37745558e-4,
    -6.18173421e-4,
    -1.31552574e-3,
  ],
  [
    -3.02132104e-4,
    -2.56334498e-3,
    -2.87173462e-3,
    2.70717707e-3,
    8.47001852e-3,
    3.112038e-5,
    -4.82404367e-4,
    3.3892149e-4,
    -3.82192475e-3,
    2.06215912e-3,
    -1.17982518e-3,
    -1.26719612e-3,
    -5.0783272e-5,
    5.16472517e-4,
    3.47100662e-4,
    4.02058255e-5,
    2.87971706e-3,
    -3.3230264e-3,
    1.49260973e-3,
    -2.09323584e-3,
    1.14422662e-3,
    -8.59093232e-4,
    2.71406353e-3,
    2.97513155e-3,
    5.22696294e-4,
    -2.8754835e-3,
    1.84311207e-3,
    2.52019726e-3,
    -2.56687658e-4,
    1.9751515e-3,
    -1.1554163e-3,
    -1.84388687e-3,
    -1.21843542e-3,
    9.41336737e-4,
    -8.28540057e-5,
    -1.0388236e-3,
    1.43127666e-3,
    7.54565174e-4,
    -1.37915782e-3,
    2.26318266e-3,
    -4.3201955e-4,
    -1.05421162e-3,
    1.37599191e-3,
    1.17002709e-3,
    4.59430048e-3,
    1.5304305e-3,
    8.53367478e-5,
    1.35119022e-4,
    1.18424996e-3,
    2.45805149e-3,
    -1.50047886e-3,
    -3.78029487e-4,
    4.93227798e-4,
    -5.38562427e-4,
    -4.21707107e-4,
    -1.32627829e-3,
    -2.36013575e-3,
    -2.10592354e-3,
    7.10751936e-4,
    1.02071435e-4,
    8.67685079e-4,
    -2.91818827e-3,
    5.11566692e-4,
    2.58767157e-3,
    -1.19818095e-3,
    -1.10978434e-3,
    -2.38077846e-3,
    2.52859528e-4,
    2.02139389e-3,
    -2.21596208e-4,
    -1.19257024e-3,
    8.93831083e-4,
    -2.34113577e-4,
    4.24754317e-4,
    -3.20065394e-4,
    5.59499786e-4,
    -1.35211192e-3,
    1.31335511e-3,
    -1.50556569e-3,
    -1.6621666e-4,
    -4.12258368e-4,
    2.0962861e-3,
    1.35978496e-3,
    1.65927347e-3,
    1.63613778e-3,
    7.23739147e-4,
    9.74023101e-4,
    5.21339909e-5,
    2.48833462e-3,
    4.66495914e-5,
    2.66266104e-5,
    1.3937328e-4,
    -1.1985056e-3,
    1.84072553e-3,
    -3.03595263e-4,
    6.63980736e-4,
    -1.51381577e-3,
    -4.3033737e-4,
    2.124673e-3,
    -2.46279329e-3,
  ],
  [
    3.05360841e-4,
    6.29987226e-4,
    1.08458291e-3,
    -1.33010988e-3,
    3.112038e-5,
    5.60940869e-3,
    -4.0770373e-4,
    -9.692844e-5,
    8.95930969e-5,
    6.86673046e-4,
    -4.79347894e-4,
    2.29017039e-5,
    7.95674271e-4,
    1.57690264e-4,
    6.81121654e-4,
    -2.11089707e-5,
    -6.65284197e-5,
    1.56987958e-4,
    -4.87689117e-4,
    5.96802725e-4,
    1.48348518e-4,
    3.51778679e-4,
    -4.26916779e-4,
    -8.24674917e-4,
    9.6255405e-4,
    -1.18114216e-4,
    -6.99308255e-4,
    -9.88397592e-4,
    7.18767069e-6,
    1.83257004e-5,
    3.11590196e-4,
    1.72687403e-4,
    2.96150193e-4,
    -6.59187355e-4,
    2.97401312e-4,
    2.00187449e-5,
    -1.04721976e-3,
    2.99908164e-4,
    8.12512424e-5,
    -9.85972437e-4,
    -3.48739687e-4,
    -1.58965049e-4,
    5.67457157e-4,
    -1.29549104e-3,
    -9.63013753e-4,
    -8.24485132e-4,
    -1.28660479e-4,
    2.22594345e-4,
    -1.94176418e-5,
    -1.09696052e-3,
    5.05521993e-5,
    -2.74096829e-4,
    1.99750127e-4,
    2.16798786e-3,
    -4.51872161e-4,
    -2.95223276e-3,
    4.78003509e-4,
    -6.68396633e-6,
    1.42321977e-3,
    7.91020958e-4,
    5.52937589e-5,
    1.87497526e-3,
    -5.50584496e-4,
    -1.74732472e-4,
    1.4628376e-3,
    -1.44252624e-4,
    1.64470605e-3,
    -5.4335397e-4,
    1.18660955e-4,
    -4.2528176e-4,
    -5.51317358e-4,
    -4.93301285e-4,
    3.51124121e-4,
    -2.3528264e-4,
    3.21312487e-5,
    4.2794441e-4,
    -2.10650496e-4,
    -3.31002621e-4,
    -3.93994761e-4,
    -9.12350353e-4,
    6.09570337e-4,
    -4.23027889e-5,
    -3.3310818e-4,
    7.71781111e-4,
    -2.26427973e-3,
    -3.03461051e-4,
    -2.06553744e-4,
    -3.83571965e-5,
    -2.09671288e-4,
    -6.47392842e-4,
    3.4782571e-5,
    -2.7433389e-4,
    5.99331889e-4,
    1.6206143e-4,
    -1.2773479e-3,
    -8.26409773e-4,
    -3.88182185e-4,
    -9.11147142e-5,
    6.66027678e-4,
    1.2939465e-4,
  ],
  [
    -3.47882734e-4,
    3.31073589e-4,
    -7.91853564e-4,
    -8.1147498e-4,
    -4.82404367e-4,
    -4.0770373e-4,
    6.6785307e-3,
    4.66063141e-4,
    2.11521524e-3,
    -2.2582537e-4,
    1.03361761e-4,
    2.07581411e-4,
    -1.54916454e-3,
    1.88261093e-3,
    4.55650905e-4,
    -2.84856982e-4,
    -6.09547723e-4,
    8.54541987e-4,
    7.87331862e-4,
    9.67392543e-4,
    7.10278428e-4,
    6.27435091e-4,
    -6.97199341e-4,
    1.3484689e-3,
    9.14955698e-4,
    1.99265837e-3,
    -1.23112537e-4,
    -2.31354251e-4,
    6.52877511e-4,
    1.4029617e-5,
    1.53902406e-4,
    -4.03689425e-4,
    9.22761488e-5,
    4.06392267e-4,
    3.13722675e-5,
    1.15365539e-3,
    -3.4830931e-4,
    -5.45421569e-4,
    5.04015174e-4,
    4.59882638e-4,
    2.86776881e-3,
    1.71765354e-4,
    -1.33555688e-3,
    2.65643615e-5,
    9.25284494e-4,
    -1.74218261e-3,
    -1.31677423e-3,
    1.57429975e-4,
    -1.32944777e-3,
    4.38772652e-4,
    -1.82388093e-3,
    -4.45063868e-5,
    -5.71212574e-4,
    -2.65374893e-3,
    -2.12512652e-4,
    4.80141596e-3,
    -5.57856913e-4,
    2.46511136e-3,
    -3.88151095e-3,
    -1.11228226e-3,
    -1.41563407e-3,
    -1.53141278e-3,
    -9.67540532e-4,
    -1.86653899e-3,
    -1.5425389e-3,
    -6.3419016e-4,
    -4.91329903e-4,
    -8.09422491e-4,
    -7.3602633e-4,
    2.0646333e-3,
    8.54633634e-5,
    1.37782636e-3,
    4.32696975e-5,
    1.92069217e-4,
    -9.21547832e-4,
    -2.97600723e-4,
    1.77481877e-3,
    -3.31119821e-4,
    1.93694427e-3,
    -1.0929283e-3,
    -7.71892695e-4,
    -1.24415801e-3,
    1.09792475e-3,
    -9.12883136e-4,
    3.9069646e-3,
    1.17535849e-3,
    5.31764269e-4,
    -9.59480685e-4,
    2.86983819e-4,
    1.00609213e-3,
    2.83428915e-4,
    5.01029009e-4,
    1.54770793e-3,
    6.02888194e-5,
    2.03460781e-3,
    2.22023838e-3,
    9.55626661e-4,
    2.34515199e-4,
    -8.51486666e-4,
    -7.43683203e-4,
  ],
  [
    -8.43754754e-4,
    -3.78858899e-4,
    5.90877742e-4,
    -8.93454954e-7,
    3.3892149e-4,
    -9.692844e-5,
    4.66063141e-4,
    5.71164197e-3,
    -1.40641625e-5,
    1.17668195e-3,
    -1.17698323e-4,
    2.71911957e-4,
    1.62112236e-4,
    3.54837277e-4,
    7.71824593e-5,
    -6.05912397e-4,
    3.47065389e-4,
    -2.75243838e-4,
    4.99581011e-4,
    -1.14078312e-3,
    1.15522286e-3,
    -2.61122548e-4,
    9.19345517e-4,
    8.34558323e-4,
    -3.24161081e-5,
    -7.75482002e-4,
    9.72766381e-5,
    -4.21018974e-4,
    8.01626075e-5,
    -8.20777459e-5,
    -6.1055928e-4,
    -5.21676026e-4,
    -1.09146556e-4,
    1.28556272e-3,
    -2.36716309e-5,
    3.11254976e-4,
    6.43097927e-4,
    6.29966564e-4,
    -2.69931774e-4,
    1.11885374e-3,
    3.18038721e-6,
    -1.42655903e-3,
    2.02161702e-4,
    -1.68996212e-4,
    1.52427693e-3,
    4.44233838e-4,
    9.63035225e-6,
    4.40514431e-4,
    -6.92750785e-4,
    -1.12047144e-3,
    -1.44956495e-3,
    -9.78845042e-5,
    5.37755414e-4,
    6.46251156e-4,
    -8.23339177e-4,
    -2.43542894e-3,
    -4.71892885e-4,
    -4.59175671e-4,
    2.2685152e-3,
    9.08419701e-4,
    -1.86192032e-3,
    -1.6658087e-4,
    -5.38215818e-4,
    9.01137472e-5,
    7.78716412e-5,
    3.51926532e-4,
    -7.14018857e-4,
    -2.28589692e-4,
    -3.92047551e-5,
    6.59439688e-4,
    -6.44861303e-5,
    -6.2259114e-4,
    1.18233376e-4,
    -9.69557857e-4,
    6.16573946e-4,
    5.02633546e-5,
    2.0077268e-4,
    -2.7131329e-4,
    -9.50617793e-4,
    -4.24714229e-4,
    1.24052635e-3,
    9.16327738e-4,
    -3.78743753e-4,
    7.30308083e-4,
    -4.01501373e-4,
    2.77484632e-4,
    7.41834042e-4,
    4.35560562e-4,
    3.5127166e-4,
    5.26034054e-4,
    5.21925128e-4,
    4.38791739e-4,
    -1.06992889e-3,
    4.5782949e-4,
    -5.64812086e-4,
    1.01617343e-3,
    -6.01369169e-6,
    9.41209321e-4,
    2.46472869e-3,
    -9.34782264e-5,
  ],
  [
    -4.7550141e-4,
    1.37007476e-3,
    8.38439431e-4,
    -2.46136636e-3,
    -3.82192475e-3,
    8.95930969e-5,
    2.11521524e-3,
    -1.40641625e-5,
    9.95101253e-3,
    -1.58736486e-3,
    1.98640974e-4,
    2.19063814e-3,
    -7.08484466e-4,
    9.35161234e-4,
    3.37063574e-4,
    -5.69208205e-4,
    -3.08550092e-3,
    2.69852908e-3,
    1.4035799e-4,
    2.4553238e-3,
    -3.1586184e-4,
    1.25674523e-3,
    -3.09115266e-3,
    -1.28621239e-3,
    -3.39014467e-4,
    3.08561918e-3,
    -1.33887003e-3,
    -1.47442275e-3,
    6.08209669e-4,
    -1.82488877e-3,
    1.32588581e-3,
    -6.35632523e-5,
    1.25106528e-3,
    5.5652091e-4,
    9.81156975e-4,
    2.00200351e-3,
    -8.65592466e-5,
    -1.46949342e-3,
    1.72991182e-3,
    -2.24017252e-3,
    2.60576948e-3,
    1.75390528e-3,
    -2.71656557e-3,
    -9.31048618e-4,
    -2.46626227e-3,
    -2.58546899e-3,
    -3.89581126e-4,
    6.36709547e-4,
    -1.97360882e-3,
    -8.11218289e-4,
    -1.20424605e-3,
    1.20700314e-3,
    -1.33746729e-3,
    -1.49652071e-3,
    -2.66994565e-4,
    6.70587922e-3,
    1.81877904e-3,
    3.17945818e-3,
    -4.11151981e-3,
    -1.45229727e-3,
    -9.86002554e-4,
    7.212394e-4,
    -1.53658853e-3,
    -4.48481028e-3,
    -2.81221845e-4,
    1.93746908e-4,
    9.51848256e-4,
    -1.78983205e-3,
    -1.22782231e-3,
    6.66089785e-4,
    1.2092094e-3,
    -7.73438385e-5,
    1.0515567e-3,
    -1.591371e-3,
    -1.93219698e-4,
    -6.05335918e-4,
    3.12225839e-3,
    -1.30018034e-3,
    2.42624136e-3,
    -5.50904094e-4,
    -8.84371536e-4,
    -2.93616277e-3,
    1.4733007e-4,
    -2.17043005e-3,
    1.53512955e-3,
    1.49049479e-3,
    -7.75728136e-5,
    4.58353034e-4,
    -2.3086519e-3,
    8.84383405e-4,
    1.9936428e-4,
    6.06653808e-4,
    2.73668492e-3,
    -2.22397818e-3,
    2.36511751e-3,
    2.06584904e-3,
    1.41331031e-3,
    -5.16744103e-4,
    -1.83723245e-3,
    1.68774493e-3,
  ],
  [
    -3.29282571e-4,
    -6.50964178e-4,
    -1.58235192e-4,
    1.76957054e-3,
    2.06215912e-3,
    6.86673046e-4,
    -2.2582537e-4,
    1.17668195e-3,
    -1.58736486e-3,
    6.30618135e-3,
    -1.19412924e-3,
    -4.69347612e-4,
    8.50835147e-4,
    4.6178665e-5,
    -7.69598457e-5,
    4.97255154e-4,
    1.1544386e-3,
    -1.3552544e-3,
    1.46702213e-3,
    -1.72440756e-3,
    8.59129357e-4,
    -1.16750714e-3,
    1.31324163e-3,
    1.16060599e-3,
    -1.27911662e-4,
    -2.50037237e-3,
    7.58170484e-4,
    2.92011512e-4,
    -5.13569251e-4,
    2.89657519e-4,
    -7.8955177e-4,
    -9.37339163e-4,
    -1.74584104e-3,
    -3.3173784e-5,
    1.06079786e-4,
    -6.27846004e-4,
    8.13173181e-4,
    2.47500639e-4,
    -1.21966807e-3,
    1.01475384e-3,
    -3.22633508e-4,
    -1.00790049e-3,
    1.05548561e-3,
    1.60600103e-4,
    2.01417258e-3,
    1.40984282e-4,
    8.37385807e-4,
    1.1583478e-3,
    -3.12043569e-4,
    -4.59745055e-4,
    -8.19539972e-4,
    1.96345799e-4,
    6.5401519e-4,
    1.09388972e-3,
    -6.45034049e-4,
    -1.42120886e-3,
    -7.05890101e-4,
    -1.64554766e-3,
    2.54310812e-3,
    1.08126088e-3,
    -3.36847538e-4,
    -1.02235667e-3,
    -3.28910554e-4,
    1.49281375e-3,
    3.56014855e-4,
    -1.67277166e-4,
    -1.1004897e-3,
    -7.55677327e-4,
    4.46684643e-4,
    -2.91736838e-4,
    -6.14744917e-4,
    -3.05572562e-4,
    -1.53340624e-4,
    2.60081116e-4,
    9.90738954e-5,
    -2.3841563e-4,
    -3.9531252e-4,
    -5.0715842e-4,
    -1.53022268e-3,
    -7.91485009e-4,
    1.08806414e-3,
    1.66663814e-3,
    -2.2607101e-4,
    2.18338423e-3,
    -1.09106909e-3,
    -1.85497254e-4,
    1.08980471e-3,
    3.12664365e-4,
    9.59767479e-4,
    -2.23971754e-4,
    5.05067275e-4,
    4.90172049e-4,
    -1.12528335e-3,
    6.90794886e-4,
    -2.97382972e-4,
    -3.01286439e-4,
    -8.67670274e-4,
    1.17221584e-7,
    2.67845465e-3,
    -3.79403701e-4,
  ],
  [
    -5.97168956e-6,
    2.62996141e-4,
    1.11746207e-3,
    -1.37234702e-3,
    -1.17982518e-3,
    -4.79347894e-4,
    1.03361761e-4,
    -1.17698323e-4,
    1.98640974e-4,
    -1.19412924e-3,
    5.12554114e-3,
    2.69529602e-5,
    -4.17564807e-4,
    8.63321437e-5,
    4.12101401e-5,
    -1.17380385e-3,
    -8.70522414e-4,
    5.69262314e-4,
    -1.66888574e-3,
    5.92436908e-4,
    1.47065259e-4,
    7.73760142e-5,
    -2.58577304e-4,
    -1.31116556e-4,
    5.72882527e-4,
    6.62089593e-4,
    1.05819015e-4,
    -5.48330717e-4,
    4.3716896e-4,
    -5.59725055e-4,
    2.39208138e-4,
    6.66807319e-4,
    4.8013928e-4,
    3.84813336e-4,
    -4.16870932e-4,
    4.43923968e-4,
    -1.78609564e-6,
    1.73314143e-4,
    -3.62311645e-5,
    -3.12083244e-4,
    -2.39136307e-5,
    -9.62329194e-4,
    -5.20001329e-4,
    -3.65204999e-4,
    -1.09058466e-3,
    -1.07970471e-4,
    -3.09405302e-4,
    -1.62441895e-3,
    -4.9153871e-4,
    -6.14586736e-4,
    6.32285872e-4,
    3.20983871e-4,
    -7.51767331e-4,
    1.25326718e-3,
    -5.9621112e-4,
    -2.36187874e-3,
    5.72535332e-4,
    6.04223406e-4,
    1.82374355e-3,
    8.99565701e-4,
    -8.66036881e-4,
    1.05988985e-3,
    -3.67370303e-4,
    -5.71670096e-5,
    7.3740769e-4,
    -3.29115344e-4,
    8.33406578e-4,
    1.02771774e-3,
    -2.16108477e-4,
    3.32428579e-4,
    7.25820493e-4,
    1.64075912e-4,
    -1.08528918e-4,
    -5.83410277e-4,
    5.53380605e-4,
    4.03911633e-4,
    2.71744452e-4,
    8.12597464e-5,
    -6.79448091e-4,
    9.39483703e-5,
    1.02425718e-3,
    -1.78650811e-4,
    -4.28757252e-4,
    -6.38976481e-4,
    -1.00198674e-3,
    1.15416719e-4,
    -3.41829886e-4,
    -9.41543192e-4,
    -3.12014329e-4,
    -3.11366902e-4,
    -1.1627734e-4,
    1.90621897e-4,
    5.45433632e-4,
    3.66898372e-4,
    -8.59271089e-4,
    1.45951951e-5,
    2.34101015e-4,
    -1.02479891e-5,
    2.85033087e-5,
    5.45306789e-4,
  ],
  [
    -5.27286414e-4,
    -5.5771731e-4,
    -2.61585795e-4,
    5.04974153e-4,
    -1.26719612e-3,
    2.29017039e-5,
    2.07581411e-4,
    2.71911957e-4,
    2.19063814e-3,
    -4.69347612e-4,
    2.69529602e-5,
    5.35310966e-3,
    -3.7834285e-4,
    3.47235741e-5,
    5.21040769e-4,
    -1.58363146e-4,
    -1.54148911e-3,
    3.57002374e-4,
    7.35560636e-4,
    5.79153239e-4,
    1.37503628e-4,
    8.44233337e-5,
    -1.26773421e-3,
    -2.26815306e-4,
    -1.6985978e-4,
    5.90014704e-4,
    -2.37002397e-4,
    3.96399349e-4,
    2.06477566e-4,
    -8.85884879e-4,
    4.53753851e-4,
    -1.53651616e-3,
    9.05170181e-4,
    1.05915217e-3,
    1.34685582e-4,
    1.88891322e-4,
    5.07597784e-4,
    -3.59738508e-4,
    1.03755427e-3,
    3.7378962e-4,
    4.32635346e-4,
    1.17209526e-3,
    -6.14475732e-5,
    2.81146326e-5,
    -1.07077963e-4,
    7.25728527e-5,
    -1.95388345e-4,
    5.57104446e-4,
    -6.62551833e-4,
    8.88306422e-4,
    -6.92029441e-4,
    4.0241294e-4,
    -4.77185757e-4,
    -1.76650589e-3,
    -4.58340955e-4,
    4.53785532e-3,
    5.7430538e-4,
    3.57795069e-4,
    -2.82103067e-3,
    -9.50709673e-4,
    2.81228501e-4,
    -5.2754443e-4,
    -2.77595874e-4,
    -1.15935025e-3,
    -1.27068727e-3,
    4.71751426e-4,
    -8.16877098e-4,
    -9.65394103e-4,
    -1.28145619e-3,
    -5.47664494e-4,
    5.76428894e-4,
    1.61222253e-4,
    3.67823547e-4,
    -7.85964663e-4,
    -1.53392878e-4,
    -1.67410624e-4,
    9.60351787e-4,
    -1.05349109e-3,
    7.37757313e-4,
    5.45376006e-4,
    -8.19241824e-4,
    -8.20740631e-5,
    1.56315324e-4,
    -9.94703087e-4,
    1.21907724e-3,
    4.46315667e-4,
    1.5796942e-4,
    3.94708004e-4,
    -6.69745495e-4,
    5.53874509e-4,
    -4.35725881e-4,
    7.85410702e-4,
    4.25307374e-4,
    -7.59756837e-4,
    1.92982529e-3,
    1.87843599e-4,
    7.11599072e-6,
    -1.38646107e-4,
    -1.06362763e-3,
    7.80263258e-4,
  ],
  [
    1.95419755e-5,
    7.51953053e-4,
    1.0205158e-3,
    -6.40744848e-5,
    -5.0783272e-5,
    7.95674271e-4,
    -1.54916454e-3,
    1.62112236e-4,
    -7.08484466e-4,
    8.50835147e-4,
    -4.17564807e-4,
    -3.7834285e-4,
    4.49059914e-3,
    -6.74184945e-4,
    -5.59750707e-5,
    8.02262103e-5,
    5.95457423e-4,
    -5.15175841e-4,
    -7.08418397e-4,
    -7.64974393e-4,
    1.40526246e-4,
    -3.86333693e-4,
    6.234301e-4,
    -6.54823625e-4,
    -4.72150914e-5,
    -1.08845477e-3,
    -2.21888665e-4,
    -5.91963945e-4,
    -3.94159034e-4,
    1.09964881e-4,
    1.09942222e-4,
    8.23396558e-4,
    -9.66664708e-4,
    -4.69914036e-4,
    4.06885449e-4,
    -4.50132014e-4,
    -2.98832599e-4,
    3.57267644e-4,
    -5.89794423e-4,
    -6.52276769e-4,
    -1.77147022e-3,
    -6.8908936e-4,
    1.08997705e-3,
    -5.52769321e-4,
    -1.27675022e-4,
    2.73977812e-4,
    6.8725025e-4,
    4.97243784e-4,
    2.44448155e-4,
    -1.08928402e-3,
    6.61885733e-4,
    -7.31495851e-5,
    6.77868414e-4,
    2.84132937e-3,
    -2.02985016e-4,
    -4.38702896e-3,
    -6.68821099e-5,
    -9.45150557e-4,
    3.79339872e-3,
    1.7334185e-3,
    2.89159823e-4,
    1.88612384e-3,
    3.53961796e-4,
    1.07725021e-3,
    2.15759569e-3,
    3.48318305e-4,
    6.02001703e-4,
    2.86590125e-4,
    7.35759252e-4,
    -7.70837093e-4,
    -4.1261733e-4,
    -9.13128121e-4,
    2.31849513e-6,
    -3.04004286e-4,
    8.50151985e-4,
    -3.26699288e-4,
    -6.92767896e-4,
    -1.90650245e-4,
    -1.80409628e-3,
    4.54126567e-5,
    1.34966257e-3,
    6.46626887e-4,
    -1.13475185e-3,
    1.15232217e-3,
    -3.4000498e-3,
    -1.11150508e-3,
    2.34599754e-4,
    8.52598872e-5,
    1.03679509e-5,
    -3.99663747e-4,
    -8.99923284e-5,
    -5.79138228e-4,
    -8.99557098e-4,
    2.92898207e-5,
    -1.85767367e-3,
    -1.08032131e-3,
    -1.53819506e-3,
    -3.57165786e-4,
    1.60299502e-3,
    3.1187058e-4,
  ],
  [
    -7.36882899e-4,
    2.65465703e-4,
    -1.86368471e-4,
    -8.40619988e-4,
    5.16472517e-4,
    1.57690264e-4,
    1.88261093e-3,
    3.54837277e-4,
    9.35161234e-4,
    4.6178665e-5,
    8.63321437e-5,
    3.47235741e-5,
    -6.74184945e-4,
    5.72994781e-3,
    4.11571086e-4,
    -1.48538855e-3,
    4.60634627e-4,
    -7.25392251e-5,
    -7.74589387e-4,
    9.49345907e-4,
    9.51620146e-4,
    4.8366442e-4,
    6.80174116e-4,
    1.30056676e-3,
    4.04518741e-4,
    1.36735657e-3,
    5.8985201e-4,
    -1.17514364e-3,
    1.20823935e-3,
    5.74038867e-5,
    4.33610627e-4,
    -1.49164476e-5,
    4.92388177e-4,
    8.25801332e-4,
    -2.12122603e-4,
    8.90179352e-4,
    8.69618577e-4,
    7.45478742e-4,
    -4.12156015e-5,
    5.82574753e-4,
    6.14632964e-4,
    -1.40031298e-3,
    -8.37080098e-4,
    -1.28436782e-3,
    8.65527043e-4,
    -1.16444117e-3,
    -8.5469727e-4,
    -6.7665356e-4,
    -1.25556857e-3,
    -5.51513008e-4,
    -1.06753115e-3,
    5.0028133e-4,
    -4.20918532e-4,
    2.99372021e-4,
    -1.04806148e-3,
    -3.90132815e-4,
    -1.03681728e-3,
    6.64633238e-4,
    -7.13998995e-4,
    1.43674032e-4,
    -1.1717126e-3,
    -1.39409426e-4,
    -1.18156206e-3,
    -1.3210267e-3,
    -1.53535707e-5,
    -2.74423682e-4,
    7.11719438e-4,
    2.20525031e-4,
    4.98186544e-4,
    1.43293939e-3,
    1.15070256e-4,
    1.44205807e-4,
    -8.51398836e-4,
    -1.46458769e-3,
    2.83583254e-4,
    6.27792225e-4,
    8.56918278e-4,
    6.65719012e-4,
    -3.83483728e-4,
    -8.20779353e-4,
    6.94118933e-4,
    -4.77928933e-4,
    3.0058495e-4,
    -5.18236042e-4,
    7.36842132e-4,
    1.72298499e-3,
    -4.07308904e-4,
    -1.42688534e-3,
    7.07999837e-4,
    -6.06741554e-4,
    7.51095596e-4,
    -2.04307299e-4,
    9.42966104e-4,
    1.3198724e-3,
    2.30766358e-4,
    2.41710063e-3,
    1.91271847e-4,
    -9.5582134e-4,
    4.26846424e-4,
    -6.99165356e-4,
  ],
  [
    -5.06382389e-4,
    -9.70629969e-5,
    -1.44718408e-4,
    -1.43327315e-4,
    3.47100662e-4,
    6.81121654e-4,
    4.55650905e-4,
    7.71824593e-5,
    3.37063574e-4,
    -7.69598457e-5,
    4.12101401e-5,
    5.21040769e-4,
    -5.59750707e-5,
    4.11571086e-4,
    4.33850396e-3,
    -6.53484264e-4,
    -5.72343851e-4,
    -2.83011437e-4,
    2.91078114e-4,
    3.39422564e-4,
    3.19246285e-4,
    1.48767048e-4,
    -2.13909056e-4,
    1.16874857e-4,
    8.17667351e-4,
    4.69712792e-4,
    3.58266425e-4,
    1.44551178e-4,
    -3.20727487e-4,
    1.22124798e-4,
    1.02866282e-4,
    -7.2202839e-4,
    2.35332865e-4,
    3.14218048e-4,
    -7.19253763e-5,
    -1.13150851e-4,
    4.65959184e-4,
    8.75510121e-5,
    1.90975056e-4,
    1.03794754e-5,
    2.2532493e-4,
    -1.8758093e-4,
    3.41400551e-5,
    -1.78369784e-4,
    -1.67637626e-4,
    -8.03607704e-5,
    -2.67240591e-4,
    -5.25638645e-5,
    -2.45643658e-4,
    2.67817447e-4,
    -1.61889102e-4,
    -3.7876223e-4,
    -3.49422158e-4,
    3.83442032e-4,
    -2.06519154e-4,
    2.45049336e-4,
    2.07073368e-4,
    -2.94189032e-4,
    -6.99988335e-4,
    5.15596225e-5,
    2.86327372e-4,
    8.22824249e-5,
    -8.60383181e-5,
    3.71542439e-4,
    -2.92843707e-4,
    -2.5148376e-4,
    4.5983409e-4,
    -8.61624473e-4,
    5.57604443e-4,
    -1.23337803e-4,
    -3.63771058e-4,
    -1.49437238e-4,
    5.26387321e-4,
    -2.96606e-4,
    8.27111602e-5,
    1.71052603e-4,
    4.72292719e-4,
    2.67971336e-5,
    -8.78002307e-5,
    -2.43185844e-4,
    1.94580225e-4,
    1.31366893e-4,
    -3.52873039e-4,
    2.83695238e-4,
    9.13325262e-5,
    6.83439343e-4,
    5.59988173e-4,
    1.86789039e-4,
    -1.59233606e-4,
    9.61647482e-6,
    -3.52461608e-4,
    1.15268138e-4,
    2.22724644e-4,
    1.05665585e-4,
    7.92497908e-5,
    6.92405532e-5,
    -3.41543217e-4,
    -4.39164016e-4,
    2.74171789e-4,
    -6.43851605e-4,
  ],
  [
    6.72904013e-4,
    -1.94450149e-4,
    -1.73661316e-3,
    1.68164459e-3,
    4.02058255e-5,
    -2.11089707e-5,
    -2.84856982e-4,
    -6.05912397e-4,
    -5.69208205e-4,
    4.97255154e-4,
    -1.17380385e-3,
    -1.58363146e-4,
    8.02262103e-5,
    -1.48538855e-3,
    -6.53484264e-4,
    5.54981558e-3,
    -4.79787935e-4,
    8.11891407e-5,
    1.87640864e-3,
    -1.21698505e-3,
    -8.49371139e-4,
    -1.27103668e-4,
    -2.0655126e-4,
    -2.52451541e-4,
    -3.13089732e-4,
    -3.25401575e-4,
    -1.9382619e-4,
    1.80495628e-3,
    -1.12553454e-3,
    2.46495456e-4,
    -3.20083921e-4,
    -7.02681781e-4,
    -7.04747816e-4,
    -1.07238907e-3,
    6.48351553e-4,
    -5.78894042e-4,
    -7.45680255e-4,
    -9.98506921e-4,
    1.51665733e-4,
    -1.0600094e-4,
    9.39652473e-4,
    1.98603488e-3,
    3.33868785e-4,
    1.57452172e-3,
    -2.43245284e-4,
    4.78609671e-4,
    4.38327692e-5,
    1.3868727e-3,
    1.31651838e-3,
    1.65523787e-3,
    3.83467065e-4,
    -4.47048929e-4,
    2.0438442e-4,
    -1.85237245e-3,
    8.27776479e-4,
    4.53406059e-3,
    -9.49270268e-5,
    1.52475307e-5,
    -2.89140501e-3,
    -1.22446925e-3,
    1.47485799e-3,
    -8.10456938e-4,
    8.1110914e-4,
    8.77494039e-4,
    -1.5184814e-3,
    6.1218781e-4,
    -1.09783728e-3,
    -6.94261126e-4,
    -1.00392595e-3,
    -9.91086009e-4,
    -3.55704905e-4,
    4.72286489e-4,
    9.88541574e-4,
    2.25674002e-3,
    -1.07555168e-3,
    -7.67480596e-5,
    -6.47222681e-4,
    -2.46261291e-4,
    2.35022921e-3,
    5.86911196e-4,
    -1.88617801e-3,
    1.27004109e-4,
    7.34252798e-4,
    2.16371807e-4,
    1.89875365e-3,
    -1.43569879e-3,
    4.1108323e-4,
    1.1598578e-3,
    -6.71875887e-4,
    1.59710245e-3,
    -7.35577458e-4,
    4.42877971e-4,
    -5.42301104e-4,
    -1.20057119e-3,
    1.85638314e-3,
    -1.65522244e-3,
    4.56454066e-4,
    6.06575182e-4,
    -1.50802315e-3,
    -1.62068929e-4,
  ],
  [
    -4.96450065e-5,
    -7.48843455e-4,
    -2.69822551e-4,
    8.19716018e-4,
    2.87971706e-3,
    -6.65284197e-5,
    -6.09547723e-4,
    3.47065389e-4,
    -3.08550092e-3,
    1.1544386e-3,
    -8.70522414e-4,
    -1.54148911e-3,
    5.95457423e-4,
    4.60634627e-4,
    -5.72343851e-4,
    -4.79787935e-4,
    6.69043188e-3,
    -1.76752287e-3,
    -7.15685044e-4,
    -6.07288343e-4,
    7.68224982e-4,
    -8.13280011e-4,
    2.13091017e-3,
    1.26794387e-3,
    -2.31439803e-4,
    -1.90458557e-3,
    6.19917106e-4,
    -3.51636632e-4,
    3.29466188e-4,
    1.31611027e-3,
    -8.11296985e-4,
    9.77694045e-4,
    -1.007922e-3,
    9.12166226e-4,
    -2.64699914e-4,
    -4.0945674e-4,
    4.39558522e-4,
    9.554623e-4,
    -9.3271364e-4,
    1.09914971e-3,
    -1.45026834e-3,
    -1.22512044e-3,
    9.63657485e-4,
    -1.0818809e-4,
    2.22207488e-3,
    1.29482987e-3,
    7.18768281e-6,
    -2.91937694e-4,
    6.00482028e-4,
    4.15971012e-4,
    -1.95611318e-4,
    6.78554192e-5,
    1.72820397e-3,
    1.35456663e-3,
    -6.29267767e-4,
    -4.92612383e-3,
    -2.05164354e-3,
    -1.68563252e-3,
    2.88286901e-3,
    1.18288658e-3,
    -1.15512034e-4,
    1.86254321e-4,
    1.18171987e-4,
    1.71753578e-3,
    1.39484039e-3,
    -9.85501876e-4,
    -1.71590909e-4,
    1.63094009e-3,
    1.07366874e-3,
    1.03020264e-3,
    -8.84401107e-4,
    -1.93133195e-4,
    -1.22634996e-3,
    -4.75708908e-4,
    4.23236455e-4,
    1.4711655e-4,
    -9.04027348e-4,
    1.07004445e-3,
    -2.55771611e-3,
    -4.81134909e-4,
    8.97332647e-4,
    1.11225589e-3,
    1.18639245e-4,
    1.2418691e-3,
    -1.14598904e-3,
    -1.80278027e-4,
    -6.39485629e-5,
    -9.70399483e-4,
    1.70791178e-3,
    -1.06026869e-3,
    6.19845483e-4,
    -6.03637935e-4,
    -9.89333972e-4,
    1.49862679e-3,
    -1.48339462e-3,
    -4.70955279e-4,
    -1.38700949e-3,
    -4.94072131e-4,
    1.98186495e-3,
    -1.01273647e-3,
  ],
  [
    1.01203533e-3,
    1.74453755e-3,
    1.38352887e-3,
    -1.99068237e-3,
    -3.3230264e-3,
    1.56987958e-4,
    8.54541987e-4,
    -2.75243838e-4,
    2.69852908e-3,
    -1.3552544e-3,
    5.69262314e-4,
    3.57002374e-4,
    -5.15175841e-4,
    -7.25392251e-5,
    -2.83011437e-4,
    8.11891407e-5,
    -1.76752287e-3,
    6.28336929e-3,
    -4.86294743e-4,
    1.92667524e-3,
    -9.94112015e-4,
    1.05265865e-3,
    -1.55533992e-3,
    -1.81681965e-3,
    -1.85804086e-4,
    1.94306595e-3,
    -1.17996758e-3,
    -1.10423155e-3,
    5.12841634e-5,
    -1.74228648e-3,
    7.07676906e-4,
    1.0003154e-3,
    4.4538688e-4,
    -7.9283807e-4,
    2.52797767e-4,
    9.35876304e-4,
    -1.59175293e-3,
    -4.84240286e-4,
    7.0391974e-4,
    -1.99634543e-3,
    1.21847379e-3,
    1.11075218e-3,
    -1.31012232e-3,
    -8.48222034e-4,
    -3.67012868e-3,
    -1.88032491e-3,
    -6.03485436e-4,
    -9.5265671e-5,
    -1.07650498e-4,
    -1.55145706e-3,
    6.32691782e-4,
    -1.6284893e-4,
    -6.3734097e-4,
    7.1730126e-5,
    1.29770878e-3,
    1.96961443e-3,
    1.74216308e-3,
    1.9408794e-3,
    -1.65212694e-3,
    -3.90145031e-4,
    -4.41176245e-4,
    1.51149154e-3,
    -4.67154843e-4,
    -1.55736168e-3,
    2.86837772e-4,
    8.83970294e-4,
    2.00913481e-3,
    -3.77266468e-4,
    -1.34110595e-3,
    -2.37744378e-4,
    8.92313777e-4,
    -4.2203821e-4,
    4.4626362e-4,
    3.49668636e-4,
    -7.00355989e-4,
    -6.43387382e-4,
    1.11924375e-3,
    -6.83897344e-4,
    2.1382005e-3,
    -3.43906817e-4,
    -6.94969174e-4,
    -1.56316088e-3,
    -1.01144772e-3,
    -9.59716711e-4,
    -5.25995482e-4,
    -3.03611363e-4,
    -2.66809209e-4,
    -1.96335563e-5,
    -1.490774e-3,
    5.87349951e-4,
    -4.71597254e-4,
    -1.54823718e-4,
    1.7047551e-3,
    -2.10967258e-3,
    6.3334746e-4,
    4.80008591e-5,
    1.68066771e-3,
    2.60794273e-4,
    -1.58412004e-3,
    8.3580121e-4,
  ],
  [
    -3.38032683e-4,
    -1.30852661e-3,
    -2.33320474e-3,
    2.65867451e-3,
    1.49260973e-3,
    -4.87689117e-4,
    7.87331862e-4,
    4.99581011e-4,
    1.4035799e-4,
    1.46702213e-3,
    -1.66888574e-3,
    7.35560636e-4,
    -7.08418397e-4,
    -7.74589387e-4,
    2.91078114e-4,
    1.87640864e-3,
    -7.15685044e-4,
    -4.86294743e-4,
    7.5414537e-3,
    -1.60428183e-3,
    -4.96370942e-4,
    -4.13167904e-4,
    -1.10109866e-3,
    6.68743729e-4,
    3.27556865e-4,
    -5.48468041e-4,
    8.5210099e-4,
    2.90526294e-3,
    -1.28172462e-3,
    1.49853336e-4,
    -3.35894601e-4,
    -3.05847447e-3,
    -4.08788504e-4,
    4.39622003e-5,
    5.95541881e-4,
    -5.91411115e-4,
    6.96178305e-4,
    -1.05576086e-3,
    1.39464275e-4,
    9.31604054e-4,
    3.03582295e-3,
    1.61635733e-3,
    -6.03316327e-4,
    2.18938463e-3,
    2.18778786e-3,
    8.45112522e-4,
    -4.50687156e-5,
    2.54890383e-3,
    4.70066005e-4,
    2.96903987e-3,
    -1.93222016e-3,
    3.97616898e-4,
    -4.06274626e-4,
    -4.31939731e-3,
    7.0833707e-4,
    8.82008136e-3,
    -4.13060969e-4,
    4.68593663e-4,
    -5.03900948e-3,
    -2.27051831e-3,
    1.04889714e-3,
    -2.59601724e-3,
    3.71973018e-4,
    7.24430639e-4,
    -3.36391289e-3,
    3.18582347e-4,
    -3.02899818e-3,
    -3.16357582e-3,
    -1.23628752e-4,
    -9.73958028e-4,
    -2.05484721e-4,
    1.50653608e-3,
    1.47579732e-3,
    2.11831944e-3,
    -1.068346e-3,
    -4.85250496e-5,
    5.06117876e-4,
    -8.22399809e-4,
    2.93474677e-3,
    1.86620754e-4,
    -2.98788744e-3,
    1.98129136e-4,
    1.81274163e-3,
    5.89492986e-4,
    4.15460037e-3,
    7.48001547e-4,
    8.24934575e-4,
    9.93041376e-4,
    6.96152853e-4,
    2.54833336e-3,
    -8.83044685e-4,
    1.8351777e-3,
    -5.1035462e-4,
    -8.1994512e-4,
    3.55284442e-3,
    -5.24827332e-4,
    -2.27224142e-4,
    8.36523499e-4,
    -4.78935041e-4,
    -6.8456085e-4,
  ],
  [
    -5.93682471e-5,
    1.419637e-3,
    1.22765617e-3,
    -2.47574028e-3,
    -2.09323584e-3,
    5.96802725e-4,
    9.67392543e-4,
    -1.14078312e-3,
    2.4553238e-3,
    -1.72440756e-3,
    5.92436908e-4,
    5.79153239e-4,
    -7.64974393e-4,
    9.49345907e-4,
    3.39422564e-4,
    -1.21698505e-3,
    -6.07288343e-4,
    1.92667524e-3,
    -1.60428183e-3,
    6.87883344e-3,
    2.34607129e-5,
    8.80907541e-4,
    -1.0777245e-3,
    -9.41777565e-4,
    1.05770734e-4,
    2.49624965e-3,
    -4.48583164e-4,
    -2.26296282e-3,
    7.31993039e-4,
    -1.09246743e-3,
    3.66908871e-4,
    1.4597923e-3,
    6.46342471e-4,
    -3.86303599e-5,
    4.28800093e-4,
    1.11515632e-3,
    -4.51563351e-4,
    1.70980155e-4,
    6.52460418e-4,
    -1.23737645e-3,
    4.74762197e-4,
    6.68468366e-4,
    -1.00521556e-3,
    -1.34008254e-3,
    -2.48665747e-3,
    -1.80912037e-3,
    -1.02658022e-3,
    -1.5638759e-3,
    -6.60187624e-4,
    -1.16145767e-3,
    1.62196971e-4,
    -4.13741943e-4,
    -6.61578487e-4,
    6.00122099e-4,
    -6.16010429e-5,
    -2.17727495e-4,
    6.52804317e-4,
    1.64832561e-3,
    -1.2031229e-3,
    2.71352998e-5,
    -3.09167089e-4,
    1.64092866e-3,
    -1.19739859e-3,
    -2.77009436e-3,
    9.1691332e-4,
    6.55374046e-5,
    2.9714769e-3,
    9.73853263e-4,
    -1.98236557e-4,
    9.08498783e-4,
    4.79508076e-4,
    -9.39698917e-5,
    -6.45955086e-4,
    -8.58405962e-4,
    1.80931427e-4,
    -7.01865892e-5,
    1.46721445e-3,
    -2.17580345e-4,
    1.54497965e-4,
    -5.08950007e-4,
    1.39773522e-4,
    -1.71994819e-3,
    -4.68521493e-4,
    -1.82692497e-3,
    -1.47047221e-3,
    3.23634747e-4,
    -1.02470224e-3,
    -8.19818801e-4,
    -1.24531963e-3,
    -1.3886668e-3,
    3.03117839e-4,
    -5.13652423e-4,
    1.74918757e-3,
    -1.46276239e-3,
    -2.17591519e-4,
    1.27014453e-3,
    4.10788726e-4,
    -1.1289849e-3,
    -1.02430001e-3,
    1.22392924e-3,
  ],
  [
    -9.27625142e-4,
    5.03440518e-5,
    2.41420558e-4,
    2.2864086e-4,
    1.14422662e-3,
    1.48348518e-4,
    7.10278428e-4,
    1.15522286e-3,
    -3.1586184e-4,
    8.59129357e-4,
    1.47065259e-4,
    1.37503628e-4,
    1.40526246e-4,
    9.51620146e-4,
    3.19246285e-4,
    -8.49371139e-4,
    7.68224982e-4,
    -9.94112015e-4,
    -4.96370942e-4,
    2.34607129e-5,
    5.61355359e-3,
    -2.75979226e-4,
    1.59315706e-3,
    1.19490636e-3,
    6.05615731e-4,
    -5.85850533e-4,
    4.59633345e-4,
    -3.37543444e-4,
    8.54668289e-4,
    5.71879594e-4,
    -5.50373105e-4,
    -3.27152331e-4,
    -7.03876947e-4,
    9.16502753e-4,
    1.42367197e-4,
    4.76903897e-4,
    7.8034484e-4,
    3.06998567e-4,
    -4.49891017e-4,
    1.30921084e-3,
    -4.43723906e-4,
    -1.30670018e-3,
    3.84015152e-4,
    -2.03867033e-4,
    2.16060653e-3,
    -4.49422064e-4,
    2.65182527e-4,
    -2.65913672e-4,
    -1.13661805e-3,
    -9.7318948e-4,
    -1.51133641e-3,
    1.05932e-4,
    4.87726508e-4,
